# Raw counters

Number of ranks: 56
Datatype size: 1
Alltoallv calls 0-999
Count: 1000 calls - 0-999


BEGINNING DATA
Rank(s) 0-6: 0 0 0 0 0 0 0 0 0 0 0 0 0 0 1048576 1048576 1048576 1048576 1048576 1048576 1048576 0 0 0 0 0 0 0 1048576 1048576 1048576 1048576 1048576 1048576 1048576 0 0 0 0 0 0 0 0 0 0 0 0 0 0 0 0 0 0 0 0 0 
Rank(s) 7-13, 21-27, 35-41, 49-55: 0 0 0 0 0 0 0 0 0 0 0 0 0 0 0 0 0 0 0 0 0 0 0 0 0 0 0 0 0 0 0 0 0 0 0 0 0 0 0 0 0 0 0 0 0 0 0 0 0 0 0 0 0 0 0 0 
Rank(s) 14-20: 0 0 0 0 0 0 0 0 0 0 0 0 0 0 0 0 0 0 0 0 0 0 0 0 0 0 0 0 0 0 0 0 0 0 0 1048576 1048576 1048576 1048576 1048576 1048576 1048576 1048576 1048576 1048576 1048576 1048576 1048576 1048576 0 0 0 0 0 0 0 
Rank(s) 28-34: 1048576 1048576 1048576 1048576 1048576 1048576 1048576 0 0 0 0 0 0 0 0 0 0 0 0 0 0 0 0 0 0 0 0 0 0 0 0 0 0 0 0 0 0 0 0 0 0 0 0 0 0 0 0 0 0 1048576 1048576 1048576 1048576 1048576 1048576 1048576 
Rank(s) 42-48: 0 0 0 0 0 0 0 1048576 1048576 1048576 1048576 1048576 1048576 1048576 0 0 0 0 0 0 0 1048576 1048576 1048576 1048576 1048576 1048576 1048576 0 0 0 0 0 0 0 0 0 0 0 0 0 0 0 0 0 0 0 0 0 0 0 0 0 0 0 0 
END DATA
